# Blender v3.1.2 OBJ File: 'rocket.blend'
# www.blender.org
mtllib rocket.mtl
o Cube
v 0.341094 -0.206357 -1.329939
v 0.914553 -0.779816 -1.329939
v 0.341094 -0.206357 1.080087
v 0.914553 -0.779816 1.080087
v 0.226403 -0.321049 -1.329939
v 0.799861 -0.894508 -1.329939
v 0.226403 -0.321049 1.080087
v 0.799861 -0.894508 1.080087
vt 0.875000 0.500000
vt 0.625000 0.750000
vt 0.625000 0.500000
vt 0.375000 1.000000
vt 0.375000 0.750000
vt 0.625000 0.000000
vt 0.375000 0.250000
vt 0.375000 0.000000
vt 0.375000 0.500000
vt 0.125000 0.750000
vt 0.125000 0.500000
vt 0.625000 0.250000
vt 0.875000 0.750000
vt 0.625000 1.000000
vn -0.7071 0.7071 0.0000
vn 0.0000 0.0000 1.0000
vn -0.7071 -0.7071 0.0000
vn 0.7071 -0.7071 0.0000
vn 0.7071 0.7071 0.0000
vn -0.0000 0.0000 -1.0000
usemtl Material
s off
f 5/1/1 3/2/1 1/3/1
f 3/2/2 8/4/2 4/5/2
f 7/6/3 6/7/3 8/8/3
f 2/9/4 8/10/4 6/11/4
f 1/3/5 4/5/5 2/9/5
f 5/12/6 2/9/6 6/7/6
f 5/1/1 7/13/1 3/2/1
f 3/2/2 7/14/2 8/4/2
f 7/6/3 5/12/3 6/7/3
f 2/9/4 4/5/4 8/10/4
f 1/3/5 3/2/5 4/5/5
f 5/12/6 1/3/6 2/9/6
o Cube.001
v 0.763417 -0.012328 -3.785841
v 0.017921 -0.757824 -3.785841
v 0.763417 -0.012328 -1.305709
v 0.017921 -0.757824 -1.305709
v 0.017921 0.733168 -3.785841
v -0.727575 -0.012328 -3.785841
v 0.017921 0.733168 -1.305709
v -0.727575 -0.012328 -1.305709
v -0.354827 -0.385076 -3.785841
v 0.390669 0.360420 -1.305709
v -0.354827 -0.385076 -1.305709
v 0.390669 0.360420 -3.785841
v 0.390669 -0.385076 -3.785841
v -0.354827 0.360420 -1.305709
v 0.390669 -0.385076 -1.305709
v -0.354827 0.360420 -3.785841
v 0.017921 -0.012328 -4.816431
v 0.017921 -0.012328 -1.305709
vt 0.875000 0.500000
vt 0.750000 0.750000
vt 0.750000 0.500000
vt 0.625000 0.875000
vt 0.500000 1.000000
vt 0.500000 0.875000
vt 0.625000 0.000000
vt 0.500000 0.250000
vt 0.500000 0.000000
vt 0.375000 0.500000
vt 0.250000 0.750000
vt 0.250000 0.500000
vt 0.625000 0.500000
vt 0.500000 0.750000
vt 0.500000 0.500000
vt 0.625000 0.375000
vt 0.500000 0.375000
vt 0.125000 0.750000
vt 0.125000 0.500000
vt 0.625000 0.750000
vt 0.375000 0.875000
vt 0.375000 0.750000
vt 0.375000 0.375000
vt 0.375000 0.250000
vt 0.375000 0.000000
vt 0.375000 1.000000
vt 0.875000 0.750000
vt 0.625000 1.000000
vt 0.625000 0.250000
vn 0.7071 0.7071 0.0000
vn 0.0000 0.0000 1.0000
vn -0.7071 0.7071 0.0000
vn -0.7071 -0.7071 0.0000
vn 0.7071 -0.7071 0.0000
vn 0.9404 0.0000 -0.3401
vn 0.0000 0.9404 -0.3401
vn 0.0000 0.0000 -1.0000
vn -0.9404 0.0000 -0.3401
vn 0.0000 -0.9404 -0.3401
usemtl Material.001
s off
f 13/15/7 18/16/7 20/17/7
f 18/18/8 22/19/8 26/20/8
f 15/21/9 24/22/9 22/23/9
f 10/24/10 19/25/10 17/26/10
f 9/27/11 23/28/11 21/29/11
f 20/30/12 21/29/12 25/31/12
f 24/22/13 20/30/13 25/31/13
f 17/26/10 16/32/10 14/33/10
f 11/34/8 26/20/8 23/28/8
f 20/17/7 11/34/7 9/27/7
f 23/28/8 19/35/8 12/36/8
f 24/22/14 17/37/14 14/38/14
f 17/37/14 21/29/14 10/24/14
f 21/29/11 12/36/11 10/24/11
f 22/23/9 14/38/9 16/39/9
f 26/20/8 16/40/8 19/35/8
f 13/15/7 15/41/7 18/16/7
f 18/18/8 15/42/8 22/19/8
f 15/21/9 13/43/9 24/22/9
f 10/24/10 12/36/10 19/25/10
f 9/27/11 11/34/11 23/28/11
f 20/30/14 9/27/14 21/29/14
f 24/22/14 13/43/14 20/30/14
f 17/26/10 19/25/10 16/32/10
f 11/34/8 18/18/8 26/20/8
f 20/17/7 18/16/7 11/34/7
f 23/28/8 26/20/8 19/35/8
f 24/22/15 25/31/15 17/37/15
f 17/37/16 25/31/16 21/29/16
f 21/29/11 23/28/11 12/36/11
f 22/23/9 24/22/9 14/38/9
f 26/20/8 22/19/8 16/40/8
o Cube.002
v 0.591379 -0.012328 -1.329939
v 0.017921 -0.585786 -1.329939
v 0.591379 -0.012328 1.080087
v 0.017921 -0.585786 1.080087
v 0.017921 0.561131 -1.329939
v -0.555538 -0.012328 -1.329939
v 0.017921 0.561131 1.080087
v -0.555538 -0.012328 1.080087
vt 0.875000 0.500000
vt 0.625000 0.750000
vt 0.625000 0.500000
vt 0.375000 1.000000
vt 0.375000 0.750000
vt 0.625000 0.000000
vt 0.375000 0.250000
vt 0.375000 0.000000
vt 0.375000 0.500000
vt 0.125000 0.750000
vt 0.125000 0.500000
vt 0.625000 0.250000
vt 0.875000 0.750000
vt 0.625000 1.000000
vn 0.7071 0.7071 0.0000
vn 0.0000 0.0000 1.0000
vn -0.7071 0.7071 0.0000
vn -0.7071 -0.7071 0.0000
vn 0.7071 -0.7071 0.0000
vn 0.0000 0.0000 -1.0000
usemtl Material.002
s off
f 31/44/17 29/45/17 27/46/17
f 29/45/18 34/47/18 30/48/18
f 33/49/19 32/50/19 34/51/19
f 28/52/20 34/53/20 32/54/20
f 27/46/21 30/48/21 28/52/21
f 31/55/22 28/52/22 32/50/22
f 31/44/17 33/56/17 29/45/17
f 29/45/18 33/57/18 34/47/18
f 33/49/19 31/55/19 32/50/19
f 28/52/20 30/48/20 34/53/20
f 27/46/21 29/45/21 30/48/21
f 31/55/22 27/46/22 28/52/22
o Cube.003
v -0.123134 -0.385653 -1.329939
v -0.696592 -0.959111 -1.329939
v -0.123134 -0.385653 1.080087
v -0.696592 -0.959111 1.080087
v -0.237825 -0.270961 -1.329939
v -0.811284 -0.844420 -1.329939
v -0.237825 -0.270961 1.080087
v -0.811284 -0.844420 1.080087
vt 0.875000 0.500000
vt 0.625000 0.750000
vt 0.625000 0.500000
vt 0.375000 1.000000
vt 0.375000 0.750000
vt 0.625000 0.000000
vt 0.375000 0.250000
vt 0.375000 0.000000
vt 0.375000 0.500000
vt 0.125000 0.750000
vt 0.125000 0.500000
vt 0.625000 0.250000
vt 0.875000 0.750000
vt 0.625000 1.000000
vn 0.7071 0.7071 0.0000
vn 0.0000 0.0000 1.0000
vn -0.7071 0.7071 0.0000
vn -0.7071 -0.7071 0.0000
vn 0.7071 -0.7071 0.0000
vn -0.0000 0.0000 -1.0000
usemtl Material.003
s off
f 39/58/23 37/59/23 35/60/23
f 37/59/24 42/61/24 38/62/24
f 41/63/25 40/64/25 42/65/25
f 36/66/26 42/67/26 40/68/26
f 35/60/27 38/62/27 36/66/27
f 39/69/28 36/66/28 40/64/28
f 39/58/23 41/70/23 37/59/23
f 37/59/24 41/71/24 42/61/24
f 41/63/25 39/69/25 40/64/25
f 36/66/26 38/62/26 42/67/26
f 35/60/27 37/59/27 38/62/27
f 39/69/28 35/60/28 36/66/28
o Cube.004
v 0.903625 0.724110 -1.329939
v 0.330166 0.150651 -1.329939
v 0.903625 0.724110 1.080087
v 0.330166 0.150651 1.080087
v 0.788933 0.838801 -1.329939
v 0.215475 0.265343 -1.329939
v 0.788933 0.838801 1.080087
v 0.215475 0.265343 1.080087
vt 0.875000 0.500000
vt 0.625000 0.750000
vt 0.625000 0.500000
vt 0.375000 1.000000
vt 0.375000 0.750000
vt 0.625000 0.000000
vt 0.375000 0.250000
vt 0.375000 0.000000
vt 0.375000 0.500000
vt 0.125000 0.750000
vt 0.125000 0.500000
vt 0.625000 0.250000
vt 0.875000 0.750000
vt 0.625000 1.000000
vn 0.7071 0.7071 0.0000
vn 0.0000 0.0000 1.0000
vn -0.7071 0.7071 0.0000
vn -0.7071 -0.7071 0.0000
vn 0.7071 -0.7071 0.0000
vn -0.0000 0.0000 -1.0000
usemtl Material.004
s off
f 47/72/29 45/73/29 43/74/29
f 45/73/30 50/75/30 46/76/30
f 49/77/31 48/78/31 50/79/31
f 44/80/32 50/81/32 48/82/32
f 43/74/33 46/76/33 44/80/33
f 47/83/34 44/80/34 48/78/34
f 47/72/29 49/84/29 45/73/29
f 45/73/30 49/85/30 50/75/30
f 49/77/31 47/83/31 48/78/31
f 44/80/32 46/76/32 50/81/32
f 43/74/33 45/73/33 46/76/33
f 47/83/34 43/74/34 44/80/34
o Cube.005
v -0.747179 0.915056 -1.329939
v -0.173720 0.341597 -1.329939
v -0.747179 0.915056 1.080087
v -0.173720 0.341597 1.080087
v -0.861871 0.800364 -1.329939
v -0.288412 0.226905 -1.329939
v -0.861871 0.800364 1.080087
v -0.288412 0.226905 1.080087
vt 0.875000 0.500000
vt 0.625000 0.750000
vt 0.625000 0.500000
vt 0.375000 1.000000
vt 0.375000 0.750000
vt 0.625000 0.000000
vt 0.375000 0.250000
vt 0.375000 0.000000
vt 0.375000 0.500000
vt 0.125000 0.750000
vt 0.125000 0.500000
vt 0.625000 0.250000
vt 0.875000 0.750000
vt 0.625000 1.000000
vn -0.7071 0.7071 0.0000
vn 0.0000 0.0000 1.0000
vn -0.7071 -0.7071 0.0000
vn 0.7071 -0.7071 0.0000
vn 0.7071 0.7071 0.0000
vn -0.0000 0.0000 -1.0000
usemtl Material.005
s off
f 55/86/35 53/87/35 51/88/35
f 53/87/36 58/89/36 54/90/36
f 57/91/37 56/92/37 58/93/37
f 52/94/38 58/95/38 56/96/38
f 51/88/39 54/90/39 52/94/39
f 55/97/40 52/94/40 56/92/40
f 55/86/35 57/98/35 53/87/35
f 53/87/36 57/99/36 58/89/36
f 57/91/37 55/97/37 56/92/37
f 52/94/38 54/90/38 58/95/38
f 51/88/39 53/87/39 54/90/39
f 55/97/40 51/88/40 52/94/40
